37.400053 19.286016 0.564535 33.809194 1.511970 21.047973 12.844354 66.313635 35.158075 82.956232 96.960360 97.629708 108.178264 95.563138 96.597323 114.829539 49.537791 49.547900 
37.400486 19.222462 0.564493 33.660891 1.512520 21.285761 12.880091 66.271197 35.169758 82.873562 97.208574 97.824384 108.515185 95.745790 96.802038 115.234410 50.140619 49.066500 
37.401566 19.214974 0.564505 33.461069 1.514125 21.282443 11.742193 66.256138 35.205304 83.196118 97.206412 98.027961 108.509697 95.754812 96.806830 115.116846 49.920530 48.339200 
37.401527 19.247630 0.564422 33.328278 1.516402 21.319092 12.936197 66.271725 35.220742 83.431013 97.084582 97.856691 108.291720 95.664793 96.706344 114.923745 50.740105 48.096700 
37.400983 19.263861 0.564501 33.831662 1.513484 21.306139 11.862854 66.494024 35.184110 83.181872 97.230873 97.742580 108.393240 95.790960 96.825522 115.141839 49.873425 48.409500 
37.401066 19.284258 0.564435 33.800271 1.514397 21.224408 12.329082 66.482429 35.224752 83.456633 97.171213 97.716562 108.337483 95.750063 96.780390 115.001691 49.944885 48.172700 
37.401221 19.333975 0.564538 33.702114 1.513801 21.178536 10.982477 66.390158 35.294704 83.571140 97.094308 97.834760 108.155091 95.691830 96.719712 114.871745 49.495202 47.631200 
37.401698 19.301628 0.564419 33.748871 1.513517 21.156938 12.062763 66.372836 35.305910 83.616963 97.268989 97.819917 108.340266 95.835985 96.875240 115.057206 49.740795 47.970500 
37.400595 19.390363 0.564507 33.852127 1.512080 21.192936 12.098918 66.420108 35.342387 83.180096 97.194057 97.738346 108.222439 95.768384 96.804362 115.010451 49.650731 47.927100 
37.401020 19.294698 0.564525 33.750280 1.513527 21.308076 11.647160 66.427617 35.213152 83.255199 97.153152 97.774803 108.221966 95.730434 96.763309 114.998720 49.853582 48.297600 
37.400336 19.311855 0.564514 33.852536 1.511965 21.183355 12.528267 66.396911 35.207228 83.088459 97.168622 97.689077 108.150655 95.741498 96.778225 115.047965 49.737836 48.575700 
37.400591 19.302796 0.564561 33.743199 1.513399 21.324543 11.078599 66.442281 35.178440 83.144098 97.045404 97.752005 108.064950 95.640725 96.669185 114.887694 49.661590 48.539400 
37.400251 19.309094 0.564570 33.791180 1.512029 21.482504 11.578482 66.409638 35.146213 82.733603 97.062816 97.728441 108.104466 95.641157 96.677027 115.001745 49.881360 48.638000 
37.400786 19.231935 0.564548 33.758198 1.513374 21.328147 11.394796 66.428118 35.124414 83.173462 97.149431 97.754950 108.161866 95.724271 96.756293 115.046366 49.804507 48.904700 
37.400909 19.224326 0.564561 33.792687 1.512621 21.385940 11.198029 66.441490 35.096154 83.169555 97.226445 97.753264 107.870417 95.793201 96.824774 115.154080 49.796572 48.318000 
37.400437 19.215573 0.564522 33.785621 1.512909 21.203915 12.603440 66.414795 35.082506 83.468689 97.115592 97.645122 107.541826 95.708970 96.735799 114.973773 50.016416 48.037900 
37.400486 19.231457 0.564539 33.685308 1.512140 21.518628 13.291892 66.344636 35.069777 83.045497 97.180834 97.664160 107.102191 95.748714 96.788578 115.152928 51.332541 48.086700 
37.400324 19.319995 0.564581 33.829727 1.511024 21.624798 11.437302 66.407319 35.040827 83.058621 97.181815 97.638879 104.800766 95.782634 96.803513 115.055560 50.117335 47.853700 
37.400246 19.326882 0.564571 33.820124 1.511006 21.503482 13.294891 66.348254 35.056321 83.115681 97.223209 97.607218 104.903615 95.814297 96.845119 115.116931 51.011183 47.927600 
37.400110 19.421175 0.564582 33.825631 1.510811 21.462546 12.086520 66.313175 35.064996 83.005831 97.083700 97.611296 104.256913 95.700230 96.723789 114.905984 49.996454 48.127000 
37.400255 19.427288 0.564579 33.829099 1.510834 21.278915 12.117237 66.284211 35.126345 83.321262 97.221549 97.648963 104.625531 95.831619 96.859385 114.981235 49.767170 48.797700 
37.400492 19.403973 0.564572 33.708567 1.510915 21.246120 12.631887 66.231831 35.152370 83.589461 97.264923 97.688305 104.719748 95.870613 96.906073 114.990186 49.989409 48.878400 
37.400338 19.480505 0.564570 33.698688 1.510853 21.374592 13.167844 66.212449 35.252640 83.018444 97.266796 97.729408 105.453303 95.841845 96.894685 115.074324 50.349673 49.554700 
37.400336 19.470097 0.564554 33.723296 1.510949 21.235393 13.333969 66.230902 35.259554 83.332213 97.216087 97.677318 105.448035 95.810908 96.853789 114.968330 50.286686 49.558900 
37.400881 19.590618 0.564555 33.839690 1.510919 21.254685 12.677996 66.308459 35.461566 83.510493 97.371054 97.723473 105.578591 95.964760 97.003989 115.021495 49.878469 49.981700 
37.697797 19.178207 0.551226 32.870932 1.811026 23.356184 11.221995 67.132141 35.793586 84.481728 97.438221 99.888739 108.931889 95.930290 96.956918 115.220221 58.581358 49.863300 
37.696675 19.221383 0.552829 32.906848 1.808860 23.456926 11.269661 67.146453 35.818477 84.377743 97.408997 99.644397 108.930029 95.906621 96.930945 115.194518 58.655990 49.455400 
37.698083 19.314354 0.557757 32.945920 1.785330 23.852771 11.801192 67.125031 35.753583 84.326455 97.720942 99.549859 108.884602 96.214534 97.252814 115.549706 59.764885 48.239700 
37.694811 19.554119 0.561174 33.062710 1.769532 23.878089 11.792416 67.185448 35.959581 84.356134 97.431222 98.654352 108.751533 95.985376 96.987666 115.029223 59.676472 48.268000 
37.698637 19.635669 0.562026 33.000127 1.715165 24.099575 12.084065 67.134855 36.091607 84.241174 97.793035 99.463602 108.581865 96.311747 97.350080 115.504015 60.235555 48.096500 
37.699087 19.780887 0.559520 33.028795 1.735868 24.042171 12.126809 67.162537 36.386078 84.369829 97.748771 99.637682 108.707418 96.277256 97.310241 115.271958 60.093080 48.562800 
37.699070 19.957949 0.552076 33.479531 1.736187 23.876204 12.432368 67.225538 36.568215 84.278828 97.752301 99.659957 108.889889 96.281539 97.313112 115.104340 59.361165 49.027900 
37.400096 19.249734 0.564547 33.786303 1.511799 21.183068 12.642114 66.294746 35.139430 82.742006 97.043544 97.697259 108.408689 95.620107 96.661711 115.000841 49.696263 49.412600 
37.400424 19.246029 0.564483 33.666120 1.512674 21.350845 13.179034 66.296203 35.173219 82.844777 97.162082 97.767724 108.448404 95.710265 96.761785 115.168832 50.505109 49.139500 
37.400762 19.259573 0.564472 33.701320 1.512994 21.119563 12.168219 66.302403 35.233773 83.397781 97.180236 97.805070 108.363110 95.750496 96.792328 115.017157 49.662335 48.494100 
37.400747 19.233403 0.564521 33.647244 1.512701 21.263328 12.027189 66.280610 35.187840 83.012254 97.212874 97.885732 108.456522 95.758961 96.810377 115.167153 49.839683 48.215500 
37.400606 19.292720 0.564554 33.693077 1.513830 21.360686 11.206822 66.401827 35.207924 82.970647 97.049415 97.814294 108.410977 95.633971 96.668133 114.921903 49.736416 48.224700 
37.401206 19.226108 0.564475 33.802128 1.514138 21.154001 11.538850 66.442877 35.174893 83.562403 97.226025 97.759933 108.390899 95.797685 96.828937 115.068945 49.616807 48.291600 
37.401046 19.263581 0.564513 33.814913 1.512789 21.133226 11.228859 66.389344 35.225793 83.428056 97.261390 97.816488 108.380173 95.825917 96.862617 115.098170 49.459744 47.592900 
37.400554 19.289342 0.564499 33.746833 1.513480 21.257602 12.400827 66.396781 35.212742 83.133059 97.098432 97.730682 108.341878 95.678308 96.713769 114.965157 49.959736 47.794000 
37.402517 19.365212 0.564411 33.612279 1.515123 21.459423 12.781757 66.410022 35.359721 83.349120 97.189747 97.831548 108.283922 95.758485 96.798105 115.001934 50.801616 47.844800 
37.400809 19.290228 0.564509 33.717690 1.513074 21.330273 12.376428 66.369866 35.214129 83.102386 97.168527 97.776569 108.272851 95.734272 96.774771 115.057555 50.099295 48.287500 
37.400489 19.296689 0.564500 33.833458 1.512797 21.124615 12.044123 66.427229 35.211611 83.412292 97.125699 97.691480 108.159757 95.715391 96.744500 114.943603 49.607215 48.593900 
37.400542 19.275935 0.564521 33.834839 1.512299 21.312623 12.423594 66.427987 35.163538 83.027118 97.223727 97.710972 108.185993 95.781820 96.820925 115.167749 49.983481 48.560700 
37.400264 19.305378 0.564551 33.838123 1.512267 21.270644 11.931507 66.440077 35.166637 82.953019 97.074952 97.683109 108.126390 95.660474 96.692386 114.960296 49.731317 48.630500 
37.400354 19.225247 0.564554 33.795304 1.512836 21.285234 11.592214 66.422319 35.102536 83.016513 97.090737 97.704121 108.173272 95.671680 96.703688 115.007690 49.738003 48.953500 
37.400905 19.229543 0.564526 33.635672 1.515683 21.239583 11.873652 66.430505 35.108493 83.765354 97.033383 97.682588 107.574181 95.641888 96.665413 114.848994 50.027827 48.556200 
37.400371 19.255479 0.564565 33.792176 1.512401 21.213501 11.347725 66.419106 35.094967 83.385608 97.062327 97.668156 107.279948 95.666381 96.690134 114.894339 49.621608 48.103400 
37.400255 19.235340 0.564555 33.752526 1.511972 21.382604 12.994264 66.366883 35.062268 83.051322 97.095614 97.637947 107.035366 95.682398 96.714947 115.015967 50.528579 47.966600 
37.400420 19.243379 0.564564 33.844058 1.511521 21.330256 12.651329 66.443641 35.039351 83.542665 97.207812 97.607291 105.523989 95.811214 96.829384 115.055566 50.290807 47.945900 
37.400374 19.308045 0.564578 33.817811 1.511011 21.300518 11.888844 66.344877 35.046832 83.653037 97.209178 97.621355 104.442986 95.830735 96.846524 114.978524 49.899867 48.049900 
37.400170 19.498420 0.564582 33.880134 1.510782 21.523348 12.175467 66.376868 35.102136 83.058169 97.166619 97.608056 104.178457 95.784924 96.804395 114.953916 50.072944 48.063900 
37.400830 19.426673 0.564581 33.693774 1.510938 21.522980 11.358375 66.280943 35.126528 83.414452 97.256238 97.730031 104.443756 95.864588 96.892206 114.992967 50.019374 48.703700 
37.400246 19.462379 0.564579 33.834744 1.510759 21.408248 12.583173 66.260336 35.142860 83.030977 97.318668 97.665980 104.600560 95.904851 96.945891 115.137820 50.019281 48.926800 
37.400267 19.448738 0.564578 33.704861 1.510806 21.348542 12.658426 66.207796 35.174073 83.073351 97.234766 97.714313 104.873589 95.823618 96.868985 115.029908 50.025141 49.484200 
37.400396 19.467910 0.564571 33.783703 1.510822 21.215246 12.736462 66.227899 35.232958 83.380979 97.325622 97.703900 105.038392 95.917225 96.961171 115.054216 49.830342 49.596900 
37.400502 19.541082 0.564564 33.804972 1.510885 21.270293 12.847748 66.268429 35.346951 83.318227 97.298569 97.707746 105.448957 95.890674 96.932164 115.010216 49.958026 49.927500 
37.402054 19.621722 0.564570 33.513403 1.511190 21.570314 11.889264 66.247462 35.563338 83.293317 97.229590 97.963690 105.815615 95.821551 96.865307 114.912900 50.292991 49.971900 
37.400360 19.248201 0.564511 33.637834 1.513327 21.069145 11.904435 66.277716 35.203565 83.358248 97.035159 97.768554 108.349332 95.628713 96.664470 114.869569 49.524165 49.211800 
37.400469 19.268293 0.564540 33.787306 1.512896 21.255983 11.625164 66.404287 35.175323 83.037257 97.112742 97.748172 108.349566 95.688757 96.723694 115.004669 49.689016 48.074200 
37.402564 19.263089 0.564381 33.697045 1.514457 21.290974 12.432853 66.385025 35.256066 83.468794 97.329639 97.853947 108.435682 95.874794 96.921250 115.200695 50.188344 48.005700 
37.403776 19.290752 0.564371 33.608356 1.515033 21.323212 12.405933 66.362665 35.308757 83.586926 97.316769 97.910933 108.370908 95.868160 96.914449 115.134861 50.329115 48.004900 
37.401345 19.278919 0.564523 33.745443 1.513350 21.250799 11.351062 66.396333 35.221359 83.370592 97.213657 97.827956 108.263919 95.783628 96.818924 115.048797 49.686517 48.679900 
37.401620 19.258582 0.564486 33.611376 1.515181 21.506754 12.654884 66.415508 35.166862 83.249974 97.161713 97.768429 108.147716 95.731221 96.767930 115.049176 50.890923 48.582300 
37.400330 19.233228 0.564530 33.831048 1.512538 21.283187 12.495583 66.434842 35.107168 83.012060 97.139422 97.670178 108.144474 95.711379 96.745710 115.087226 49.977302 48.773000 
37.400280 19.225817 0.564524 33.848492 1.511745 21.146110 12.783722 66.363060 35.094578 83.255888 97.207306 97.650160 107.663461 95.781414 96.816626 115.120161 49.801479 47.935900 
37.400171 19.297586 0.564580 33.873537 1.510924 21.529314 12.188122 66.378319 35.041785 82.851207 97.228982 97.628254 105.434636 95.806795 96.838285 115.210195 50.114669 47.758300 
37.400159 19.423478 0.564581 33.860761 1.510784 21.294123 11.952694 66.309346 35.078168 83.331617 97.171232 97.611947 104.161673 95.796215 96.815233 114.934837 49.734854 48.379900 
37.400147 19.460251 0.564581 33.821851 1.510772 21.336532 11.768008 66.252482 35.145052 82.947048 97.174765 97.676849 104.838117 95.773650 96.808525 114.984004 49.656278 49.043300 
37.400366 19.458620 0.564566 33.809486 1.510916 21.197388 12.596821 66.260606 35.255861 83.319083 97.267380 97.699908 105.748298 95.858726 96.898697 115.014453 49.748548 49.713200 
37.698861 19.129003 0.551222 32.845298 1.809035 23.569396 11.349743 67.065175 35.698388 84.340311 97.710612 100.649194 108.932974 96.161141 97.216537 115.643590 59.136550 49.681800 
37.697562 19.351683 0.559100 32.937750 1.782149 23.902443 11.808024 67.125967 35.779248 84.250080 97.663103 99.465706 108.873331 96.158178 97.192931 115.473419 59.839547 48.209600 
37.698964 19.690032 0.561130 33.041426 1.717659 24.071885 11.962082 67.148117 36.232473 84.290591 97.815807 99.627134 108.661844 96.336267 97.375672 115.495812 60.107449 48.255800 
37.698537 19.974740 0.553270 33.514449 1.714257 23.979015 12.725613 67.225433 36.571660 83.946840 97.728718 99.611919 108.891039 96.248814 97.283751 115.123267 59.630960 49.118800 
37.400486 19.222462 0.564493 33.660891 1.512520 21.285761 12.880091 66.271197 35.169758 82.873562 97.208574 97.824384 108.515185 95.745790 96.802038 115.234410 50.140619 49.066500 
37.401527 19.247630 0.564422 33.328278 1.516402 21.319092 12.936197 66.271725 35.220742 83.431013 97.084582 97.856691 108.291720 95.664793 96.706344 114.923745 50.740105 48.096700 
37.401066 19.284258 0.564435 33.800271 1.514397 21.224408 12.329082 66.482429 35.224752 83.456633 97.171213 97.716562 108.337483 95.750063 96.780390 115.001691 49.944885 48.172700 
37.401698 19.301628 0.564419 33.748871 1.513517 21.156938 12.062763 66.372836 35.305910 83.616963 97.268989 97.819917 108.340266 95.835985 96.875240 115.057206 49.740795 47.970500 
37.401020 19.294698 0.564525 33.750280 1.513527 21.308076 11.647160 66.427617 35.213152 83.255199 97.153152 97.774803 108.221966 95.730434 96.763309 114.998720 49.853582 48.297600 
37.400591 19.302796 0.564561 33.743199 1.513399 21.324543 11.078599 66.442281 35.178440 83.144098 97.045404 97.752005 108.064950 95.640725 96.669185 114.887694 49.661590 48.539400 
37.400786 19.231935 0.564548 33.758198 1.513374 21.328147 11.394796 66.428118 35.124414 83.173462 97.149431 97.754950 108.161866 95.724271 96.756293 115.046366 49.804507 48.904700 
37.400437 19.215573 0.564522 33.785621 1.512909 21.203915 12.603440 66.414795 35.082506 83.468689 97.115592 97.645122 107.541826 95.708970 96.735799 114.973773 50.016416 48.037900 
37.400324 19.319995 0.564581 33.829727 1.511024 21.624798 11.437302 66.407319 35.040827 83.058621 97.181815 97.638879 104.800766 95.782634 96.803513 115.055560 50.117335 47.853700 
37.400110 19.421175 0.564582 33.825631 1.510811 21.462546 12.086520 66.313175 35.064996 83.005831 97.083700 97.611296 104.256913 95.700230 96.723789 114.905984 49.996454 48.127000 
37.400492 19.403973 0.564572 33.708567 1.510915 21.246120 12.631887 66.231831 35.152370 83.589461 97.264923 97.688305 104.719748 95.870613 96.906073 114.990186 49.989409 48.878400 
37.400336 19.470097 0.564554 33.723296 1.510949 21.235393 13.333969 66.230902 35.259554 83.332213 97.216087 97.677318 105.448035 95.810908 96.853789 114.968330 50.286686 49.558900 